· 1
141 11.1111.1111.101111111110”11111α11.ο1υ11 1111111111. 111

111111 111111 11111111, 1111111111111111111111 j 111111111111111111, 1111 11 11111111111111111111, ’
111111, 1111111 111111111 111111111111111,111111 1 111 1111111111 1111111111 11111 1111111 111111 1111,
1111 1111 111111111, 1111111 11111111111111. 1111 11111111 16. 1111111111 1111111 1111111111 111
31111 11111111 11111, 111 111 111111 11 1111111111111, 1 1111, 11111311111119.11111111111111111111111
1111 11 1111111111 11111111 1111111 111111 11111111. 1111, 611111111111111,11111111111111. gama
11111 1111111 111 1111111111 11111 111111 11111111 s 111111111111161111111111 1111111ῑί 1111111111
11111 111 11111111, 111111 aud) 111111111111. ÷ 1111 11111, 111111111111111111 11111111 111 111111
1111111 1111 1111111. 21. 11111111 111, 1111 1 11111 1111111111 11111, 111 1111111 11111111. 111111
111 111111 11111111111111111, 111111, 1111111111 ’ 16. 1111111111 1111 11111 1111111111 1111111111,
11111111111111111111,11111111111111,1111111 1111111 1111111111, 1111111111 1111111111111
1111111, 11111111, 11111 111111, 11111 1111111111 111 1111111, 111 111111111111111, 1111 11111 mill 111
11111 11111111 111, 1111 1111 1111111111, 111111 111 11111 111111, 11111111111ὶ1111111111111111111, 111
1111 111 111111, 1111 1111111111111111111111111111 a 11111111111111111111111 11111111, 1111111111 111
111 gibt 111111 111 1111111 1111 1111111 111111,·111,111111,1111111111.
1111111 111111611111111111119. 111 111111 111 Ι 1111 11111111111111111111114. 111111 111
111111 11111111, 1111 1111 111111111111111111111τ 111111 111111 111111 11111 111 11111 111111111111
111, 111 111, 111 111111 1111 1111111111111111, 1111 1111111111, 1111 111 1111111 11111 11111111
11111, 1111111111111111, 1111111111. 11111111. 21. , 111111. ’
111111111111111111 gutte 111111, 1111 111 111115 111111 111 1111111111 1111111111, 11111111
1111 11111, 1111111111111111111111, 111 11111111. · 1111111, 11111 111111 111 111 11111111, 111111111
16. 111111111111111111111111, 11111111111111111111111111, 1111 1111111111 1111 1111111. 5. Sd>
11111111111111111111, 11111. 1111111111111111111 . 111 1111, 111111 1111 11111111111111111 1111111
1111111, 11111111 11111 111 1111111111, 1111111 1111. 61111111 1111111111 1111111111 1111111 11111
111 1111111111 1111111, 111 111111111111111111, , 1111 11 11 111 11111111. 111111 11111111. 311
1111111 11 1111111111 1111, 111 111 (11111 1111111111 ἓ 11111 1111 11111 1111 1111111, 1111111 11111111, 1111
111 11111111 1111, 11111 11111 1111111111 11111111 1 11 1111 1111111111] 11111111111111111, 1111 11111111
1111111 1111111111111 1111111. Ν 11111111, 6111111111 11111111, 1111111 11111 1111
Θ1111111, 111111111111111111111111, 1111 Ι 11111111, 111 111111 11111 111111 111 1111 1111111,
111111111111111111111, 11111111, 1111111111 1111 ἰ 11111111 11111 1111 1111111111, 1111111 111 1111111111
1111111 11111, 111 11111111 1111111111 1111, 1111111 , 1111111 111111, (111111 1111111111, 11111111 1111111

111 11111111111111111 1111111111, 11111 1111 1111111111 Ι 11111 1111111111111 111111 111 (11111 1111111 111

11, 1111111111111111111111111111111, 11111111 ,1111111 111 1111111 1111111, 1111111111 1111111111
111111111111111111111, 1111111111 1111111111, 111 ³ 1111111.

111111 111 111111 1111111111 111111 11111111 1111 111 ξ 1111111111 11111 1111111111 1111111, 111 11111111
111 1111111 11 111111 1111111111, 1111111111111111 1 111 11111111111111111111111111 11111111 11111111Ι
11111, 1111 11111111 11111111 11111111 111 11111111 11111111111111111, 111111111111 1111 11111,
1111111 1111 1111111111111111 1111111111, 11111, 1 11111 111) 11111111111, 11111111111111111, 111
1111111111111111111111111111111111111, 1111111 1 1111 11 1111111 11111111111111, 11111111 11111
11111111 111 1111111111 111111111111111111111111111 1 1111 1111111111 1111111111 11111111, 111 1111111111
111111. Θ. 1111111 1111 111 111111 1111, 11111111 3 111111 11111111111111111, 11111111111111111111
111 1111111111 11111, 1111111111111111111111111, 111 1111 11 1111111, 11111, 1111111111111, 111111
1111111111161111111 1111111, 1111111111111111,1 1111 111111111111 11111111 11111, 1111 1111111
1111111111111111111111111,11111111111111111111 ς 1111 1111 1111111111 1111111 11111, 1111111 11111111
11111 11111111. 11 11111111 11111, 111 11111111 “ 1111, 111 11 1111111111111111, 1111111111111111
111111 1111111 111 11111111ίί11 111111, 111 111 111 111111111111111111111,111111111111111111111111,
1111 1111111111 111, 111 111 11111111 111111, 1111 1 1111111111111111111111111111111111111111, 1111

111111 11111111 1111 111111. 1 1111111 11111 111 111 1111111111 1111111 111ὓ1111111, ·

11111 1111111111 111111111. 111. 111. 11 Θ. 11111 11111 11111111, 11111 1111111 1111, 111 1111 11111
111, 111111 1111 1111111111 111111 111 mertens, 11111 1111111111 111111, 1111111111111111111111111111
11111111, 11 1111111111 1111111111, 11 1111111111 11111 11111111 111 111. 9. Βα111111111111,111

 

